arr1=[1 -2 3 -4 5]
arr1(3)
arr1([1 4])
arr1(1:2:5)
arr2=[1 2 3; -2 -3 -4; 3 4 5]
arr2(1,:)
arr2(:,1:2:3)